1 0.334375 0.4623955431754875 0.103125 0.0947075208913649
1 0.12421875 0.44846796657381616 0.1015625 0.10027855153203342
2 0.7713125 0.49885793871866296 0.438921875 0.9394707520891364
1 0.834375 0.5779944289693594 0.090625 0.09192200557103064
1 0.665625 0.5612813370473537 0.08125 0.09192200557103064
3 0.73671875 0.8384401114206128 0.1109375 0.10584958217270195
2 0.2458125 0.42518105849582166 0.491625 0.8503342618384401
0 0.7671875 0.4972144846796657 0.459375 0.9944289693593314
0 0.24914062499999998 0.49846796657381615 0.49829687500000003 0.9918941504178272
4 0.73828125 0.7045961002785515 0.10440624999999999 0.10256267409470753
2 0.230109375 0.6362395543175488 0.1306875 0.1354874651810585