1 0.223 0.4588888888888889 0.05 0.028888888888888888
0 0.76816 0.8666666666666667 0.27948 0.26666666666666666
2 0.77132 0.8742666666666667 0.26683999999999997 0.25146666666666667
1 0.785 0.95 0.046 0.03333333333333333
1 0.332 0.45555555555555555 0.052 0.03111111111111111
1 0.701 0.9455555555555556 0.038 0.03333333333333333
0 0.76158 0.4540888888888889 0.39264 0.45555555555555555
1 0.728 0.37777777777777777 0.036 0.02666666666666667
1 0.802 0.39 0.032 0.024444444444444446
2 0.283 0.42333333333333334 0.278 0.3977777777777778
2 0.763 0.37222222222222223 0.258 0.2911111111111111
0 0.286 0.5166666666666667 0.496 0.5844444444444444
4 0.27938 0.5017333333333334 0.07 0.056244444444444444
3 0.7568400000000001 0.4622666666666667 0.054740000000000004 0.031
4 0.76188 0.4177111111111111 0.05 0.038200000000000005
4 0.73884 0.9884666666666667 0.054619999999999995 0.02306666666666667
0 0.28868 0.9093555555555555 0.51 0.1812888888888889
2 0.16341999999999998 0.9105333333333333 0.26368 0.17895555555555556
4 0.23116 0.9346222222222221 0.04846 0.06411111111111112
1 0.17552 0.9742666666666667 0.03736 0.05148888888888889
1 0.21947999999999998 0.8777555555555556 0.038939999999999995 0.05497777777777777
3 0.28316 0.576 0.07578 0.045622222222222224
3 0.28 0.9631555555555555 0.03368 0.07371111111111112