0 0.36072727272727273 0.5393181818181818 0.34615151515151515 0.9213181818181818
2 0.36596969696969694 0.5074090909090909 0.338 0.8505454545454546
1 0.43333333333333335 0.55 0.07878787878787878 0.05454545454545454
1 0.2787878787878788 0.5863636363636363 0.07272727272727272 0.045454545454545456
1 0.806060606060606 0.45227272727272727 0.10909090909090909 0.07727272727272727
1 0.6 0.43863636363636366 0.09090909090909091 0.06818181818181818
3 0.7 0.7568181818181818 0.19393939393939394 0.15
2 0.7454545454545455 0.4954545454545455 0.503030303030303 0.990909090909091
3 0.38636363636363635 0.7889090909090909 0.17575757575757575 0.09604545454545454
4 0.6916666666666667 0.5574090909090909 0.1484848484848485 0.20113636363636364
4 0.36648484848484847 0.6545454545454545 0.09509090909090909 0.17272727272727273