1 0.7276923076923076 0.4890710382513661 0.04 0.03825136612021858
1 0.2276923076923077 0.45081967213114754 0.036923076923076927 0.03278688524590164
1 0.3176923076923077 0.45901639344262296 0.04461538461538461 0.03278688524590164
1 0.6438461538461538 0.4576502732240437 0.04153846153846154 0.030054644808743168
2 0.27153846153846156 0.43306010928961747 0.19538461538461538 0.4453551912568306
2 0.6923076923076923 0.41939890710382516 0.18769230769230769 0.4344262295081967
0 0.29384615384615387 0.5368852459016393 0.3630769230769231 0.674863387978142
0 0.6938461538461539 0.5396174863387978 0.39384615384615385 0.680327868852459
4 0.681276923076923 0.5075136612021858 0.048723076923076925 0.07423497267759563
4 0.2741076923076923 0.4952185792349727 0.05384615384615385 0.07150273224043717
3 0.27012307692307697 0.5724043715846995 0.0705076923076923 0.039153005464480875
3 0.6680769230769231 0.5728688524590163 0.05615384615384615 0.04008196721311475