0 0.38533834586466165 0.5754090909090909 0.7296616541353383 0.8491818181818181
4 0.5233082706766917 0.5878181818181818 0.12902255639097746 0.17149999999999999
1 0.5714285714285714 0.4681818181818182 0.08270676691729323 0.05454545454545454
1 0.35150375939849626 0.4909090909090909 0.04887218045112782 0.03636363636363636
4 0.4126691729323308 0.5258181818181819 0.06665413533834587 0.06404545454545454
1 0.4718045112781955 0.5068181818181818 0.03383458646616541 0.04090909090909091
2 0.23308270676691728 0.42272727272727273 0.42105263157894735 0.5363636363636364
2 0.6954887218045113 0.49772727272727274 0.6015037593984962 0.9954545454545455
3 0.609624060150376 0.7200454545454545 0.1700375939849624 0.14463636363636365
3 0.396015037593985 0.6239545454545455 0.09142857142857143 0.09504545454545454
1 0.4276315789473684 0.4772727272727273 0.03845864661654135 0.041318181818181816