0 0.247939453125 0.50326171875 0.49587890625 0.99349609375
1 0.27001953125 0.3876953125 0.0908203125 0.083984375
1 0.43408203125 0.4814453125 0.0732421875 0.103515625
4 0.345703125 0.5126953125 0.08984375 0.173828125
2 0.30712890625 0.4052734375 0.3701171875 0.810546875
0 0.68548828125 0.67111328125 0.292421875 0.41775390625
2 0.60595703125 0.578125 0.1357421875 0.234375
2 0.73681640625 0.189453125 0.3662109375 0.37890625
1 0.638876953125 0.502421875 0.009248046875 0.02826171875
4 0.6551953125 0.49728515625 0.012080078125 0.0200390625
3 0.328232421875 0.6689453125 0.100908203125 0.0835546875