0 0.5670731707317073 0.7401812688821753 0.241869918699187 0.5105740181268882
2 0.501270325203252 0.6382175226586103 0.10416666666666667 0.30362537764350456
2 0.36559959349593496 0.3300604229607251 0.22205284552845528 0.6601208459214502
4 0.4425508130081301 0.45459214501510575 0.032713414634146336 0.13312688821752267
4 0.47843495934959346 0.7489123867069486 0.01429369918699187 0.057114803625377644
3 0.4895528455284553 0.7725226586102719 0.018104674796747967 0.04012084592145015
3 0.44151930894308944 0.5456948640483383 0.045574186991869915 0.08119335347432025
1 0.45147357723577236 0.3716012084592145 0.020833333333333332 0.04833836858006042
1 0.4016768292682927 0.4380664652567976 0.033028455284552845 0.04833836858006042
1 0.48057926829268294 0.68 0.015086382113821139 0.04767371601208459
1 0.4681961382113821 0.7441993957703927 0.009369918699186993 0.034456193353474315