0 0.3477333333333333 0.6468060836501902 0.6772666666666667 0.4156653992395437
4 0.4928 0.41520912547528516 0.08863333333333333 0.09418250950570342
1 0.4816666666666667 0.3269961977186312 0.07 0.06844106463878327
2 0.5433333333333333 0.5684410646387833 0.3 0.29277566539923955
2 0.545 0.25285171102661597 0.4166666666666667 0.5057034220532319
1 0.575 0.39361216730038023 0.06816666666666667 0.04752851711026616
4 0.5439333333333334 0.6182889733840304 0.0606 0.05790874524714829
1 0.5530333333333334 0.548745247148289 0.05453333333333333 0.07433460076045628
1 0.5912999999999999 0.664106463878327 0.05226666666666666 0.07
3 0.48066666666666663 0.6468060836501902 0.0644 0.08038022813688213
3 0.44129999999999997 0.4588593155893536 0.0856 0.07775665399239544