4 0.7407227138643068 0.40778761061946905 0.516165191740413 0.695811209439528
1 0.5685840707964602 0.40412979351032446 0.08702064896755163 0.029498525073746312
1 0.8067846607669616 0.40707964601769914 0.1415929203539823 0.04424778761061947
1 0.2853982300884956 0.28982300884955753 0.0752212389380531 0.030973451327433628
3 0.6519174041297935 0.5973451327433629 0.168141592920354 0.07669616519174041
2 0.22123893805309736 0.24631268436578171 0.4218289085545723 0.41887905604719766
0 0.22861356932153393 0.5169616519174042 0.45427728613569324 0.9601769911504425
0 0.7271386430678466 0.5265486725663717 0.5398230088495575 0.9410029498525073
4 0.36706489675516224 0.311976401179941 0.058687315634218286 0.04671091445427729
1 0.39191740412979353 0.27244837758112095 0.04131268436578171 0.029941002949852507
4 0.6506047197640118 0.42455752212389386 0.13831858407079647 0.09221238938053097