2 0.6988682170542635 0.5035897435897436 0.5175968992248062 0.8148397435897435
1 0.5883720930232558 0.4823717948717949 0.09147286821705426 0.09294871794871795
1 0.7821705426356589 0.4807692307692308 0.09457364341085271 0.09615384615384616
2 0.22271317829457365 0.5837179487179487 0.3881860465116279 0.6545833333333333
0 0.21734883720930231 0.6003525641025641 0.39654263565891473 0.6878846153846154
1 0.33410852713178296 0.5464743589743589 0.08217054263565891 0.08653846153846154
1 0.16589147286821707 0.5785256410256411 0.08062015503875969 0.08012820512820513
0 0.6984496124031008 0.5 0.5286821705426357 0.7948717948717948
4 0.686046511627907 0.650897435897436 0.11986046511627907 0.1430128205128205
4 0.2534263565891473 0.7088141025641026 0.10136434108527131 0.1158653846153846
3 0.2582015503875969 0.8536858974358975 0.13475968992248064 0.10971153846153846
3 0.6845581395348838 0.8154487179487179 0.14072868217054263 0.1417628205128205