1 0.5101694915254237 0.2542857142857143 0.07796610169491526 0.05714285714285714
1 0.6466101694915254 0.2742857142857143 0.07288135593220339 0.05714285714285714
1 0.3 0.55 0.04745762711864407 0.04857142857142857
4 0.36638983050847457 0.6019142857142856 0.06384745762711865 0.0838
1 0.3923728813559322 0.5214285714285715 0.0288135593220339 0.04857142857142857
3 0.559322033898305 0.5328571428571428 0.15593220338983052 0.14
2 0.27627118644067794 0.4757142857142857 0.3220338983050847 0.6428571428571429
2 0.5567796610169492 0.36 0.4457627118644068 0.72
0 0.3635593220338983 0.5742857142857143 0.6016949152542372 0.8457142857142858
3 0.3610169491525424 0.7047714285714285 0.0847457627118644 0.06477142857142858
4 0.5788135593220339 0.3580857142857143 0.08869491525423728 0.17905714285714286